1.220703125e-05
9.765625e-05
6.103515625e-06
1.52587890625e-06
7.62939453125e-07
1.52587890625e-06
3.0517578125e-06
1.52587890625e-06
2.44140625e-05
1.52587890625e-06
1.52587890625e-06
3.814697265625e-07
1.220703125e-05
1.52587890625e-06
3.0517578125e-06
9.5367431640625e-08
7.62939453125e-07
1.52587890625e-06
1.9073486328125e-07
1.52587890625e-06
1.220703125e-05
7.62939453125e-07
3.814697265625e-07
9.5367431640625e-08
3.814697265625e-07
4.7683715820313e-08
3.814697265625e-07
2.3841857910156e-08
1.9073486328125e-07
4.7683715820313e-08
4.7683715820313e-08
1.9073486328125e-07
4.7683715820313e-08
9.5367431640625e-08
5.9604644775391e-09
1.9073486328125e-07
2.3841857910156e-08
5.9604644775391e-09
1.1920928955078e-08
5.9604644775391e-09
2.3841857910156e-08
1.4901161193848e-09
5.9604644775391e-09
2.3841857910156e-08
2.3841857910156e-08
1.1920928955078e-08
2.3841857910156e-08
9.5367431640625e-08
7.4505805969238e-10
5.9604644775391e-09
1.4901161193848e-09
2.9802322387695e-09
4.7683715820313e-08
1.9073486328125e-07
2.3841857910156e-08
3.7252902984619e-10
1.4901161193848e-09
7.4505805969238e-10
2.3841857910156e-08
2.3841857910156e-08
7.4505805969238e-10
2.3841857910156e-08
1.1920928955078e-08
2.9802322387695e-09
2.3841857910156e-08
1.4901161193848e-09
3.7252902984619e-10
4.7683715820313e-08
1.1920928955078e-08
2.3841857910156e-08
2.9802322387695e-09
2.3841857910156e-08
7.4505805969238e-10
2.9802322387695e-09
2.9802322387695e-09
2.9802322387695e-09
2.9802322387695e-09
2.9802322387695e-09
2.9802322387695e-09
5.9604644775391e-09
3.7252902984619e-10
3.7252902984619e-10
1.4901161193848e-09
1.4901161193848e-09
4.6566128730774e-11
1.4901161193848e-09
3.7252902984619e-10
1.4901161193848e-09
9.3132257461548e-11
2.3841857910156e-08
1.1641532182693e-11
3.7252902984619e-10
7.4505805969238e-10
4.6566128730774e-11
3.7252902984619e-10
1.4901161193848e-09
2.3283064365387e-11
4.6566128730774e-11
5.8207660913467e-12
1.862645149231e-10
7.4505805969238e-10
7.4505805969238e-10
3.7252902984619e-10
1.862645149231e-10
7.4505805969238e-10
3.7252902984619e-10
9.8953023552895e-10
1.4551915228367e-12
1.862645149231e-10
1.1641532182693e-11
9.3132257461548e-11
3.6379788070917e-13
3.7252902984619e-10
2.4738255888224e-10
2.9103830456734e-12
4.6566128730774e-11
5.8207660913467e-12
4.9476511776447e-10
3.7252902984619e-10
9.3132257461548e-11
4.6566128730774e-11
2.3283064365387e-11
2.9103830456734e-12
1.8189894035459e-13
2.3283064365387e-11
2.3283064365387e-11
3.6379788070917e-13
2.9103830456734e-12
1.4551915228367e-12
1.7083948478103e-09
5.8207660913467e-12
2.9103830456734e-12
4.6566128730774e-11
1.1641532182693e-11
1.1641532182693e-11
2.3283064365387e-11
1.8189894035459e-13
1.8189894035459e-13
1.4551915228367e-12
1.217813405674e-10
2.3283064365387e-11
1.1641532182693e-11
2.9103830456734e-12
2.3283064365387e-11
2.9103830456734e-12
1.1641532182693e-11
1.1641532182693e-11
6.6734173742589e-12
3.6379788070917e-13
1.8189894035459e-13
3.3367086871294e-12
1.8189894035459e-13
5.3387338994071e-11
5.8207660913467e-12
3.6379788070917e-13
9.0949470177293e-14
2.9103830456734e-12
3.6379788070917e-13
1.1641532182693e-11
4.5474735088646e-14
2.9103830456734e-12
6.6734173742589e-12
5.8207660913467e-12
3.6379788070917e-13
