0.000244140625
0.0001220703125
0.000244140625
6.103515625e-05
5.5948893229167e-05
7.3432922363281e-05
6.1194101969401e-06
1.529852549235e-06
4.8484331295814e-05
1.2121082823954e-05
1.2121082823954e-05
3.0302707059884e-06
7.5756767649709e-07
1.8939191912427e-07
9.4695959562137e-08
4.7347979781068e-08
4.8827604149227e-08
2.9592487363168e-09
2.9592487363168e-09
1.1836994945267e-08
1.2493935355888e-16
1.9521773993575e-18
5.3684878482332e-18
8.3882622628643e-20
8.3882622628643e-20
5.2426639142902e-21
8.2703801370213e-05
3.2766649464314e-22
6.2587436136933e-05
0.00052343508445133
0.00052343508445133
0.00013085877111283
1.5072757499722e-06
3.1313688165323e-06
3.1313688165323e-06
5.4951791900215e-06
0.00023812419134258
0.00014985796568724
9.3017262243196e-07
0.00011906209567129
0.00049422218293846
2.8795998033182e-05
0.00011518399213273
0.00056354866309621
1.7997498770739e-06
4.4993746926847e-07
