2.44140625e-05
1.220703125e-05
1.220703125e-05
1.220703125e-05
1.220703125e-05
1.220703125e-05
1.220703125e-05
1.220703125e-05
1.220703125e-05
6.103515625e-06
6.103515625e-06
6.103515625e-06
6.103515625e-06
6.103515625e-06
6.103515625e-06
3.0517578125e-06
3.0517578125e-06
6.103515625e-06
3.0517578125e-06
3.0517578125e-06
3.0517578125e-06
1.52587890625e-06
3.0517578125e-06
3.0517578125e-06
1.52587890625e-06
3.0517578125e-06
1.52587890625e-06
3.0517578125e-06
1.52587890625e-06
1.52587890625e-06
3.0517578125e-06
1.52587890625e-06
1.52587890625e-06
1.52587890625e-06
1.52587890625e-06
1.52587890625e-06
1.52587890625e-06
1.52587890625e-06
3.0517578125e-06
1.52587890625e-06
1.52587890625e-06
7.62939453125e-07
7.62939453125e-07
7.62939453125e-07
7.62939453125e-07
7.62939453125e-07
1.52587890625e-06
1.52587890625e-06
6.8992376327515e-06
7.62939453125e-07
1.52587890625e-06
7.62939453125e-07
1.52587890625e-06
3.4496188163757e-06
7.62939453125e-07
1.7248094081879e-06
4.3120235204697e-07
4.3120235204697e-07
4.3120235204697e-07
4.3120235204697e-07
4.3120235204697e-07
7.62939453125e-07
2.1560117602348e-07
3.814697265625e-07
3.814697265625e-07
2.1560117602348e-07
2.1560117602348e-07
4.3120235204697e-07
2.1560117602348e-07
2.1560117602348e-07
2.1560117602348e-07
2.1560117602348e-07
1.9073486328125e-07
2.1560117602348e-07
1.9073486328125e-07
1.0780058801174e-07
1.0780058801174e-07
1.0780058801174e-07
1.0780058801174e-07
5.7279481552541e-06
9.5367431640625e-08
5.7279481552541e-06
1.0780058801174e-07
1.4319870388135e-06
5.3900294005871e-08
1.4319870388135e-06
5.3900294005871e-08
9.5367431640625e-08
7.1599351940677e-07
5.3900294005871e-08
7.1599351940677e-07
7.1599351940677e-07
7.1599351940677e-07
1.7899837985169e-07
3.5799675970338e-07
1.7899837985169e-07
5.3900294005871e-08
1.7899837985169e-07
1.0780058801174e-07
1.7899837985169e-07
1.7899837985169e-07
1.7899837985169e-07
1.7899837985169e-07
8.9499189925846e-08
8.9499189925846e-08
8.9499189925846e-08
8.9499189925846e-08
8.9499189925846e-08
8.9499189925846e-08
8.9499189925846e-08
8.9499189925846e-08
8.9499189925846e-08
8.9499189925846e-08
8.9499189925846e-08
4.4749594962923e-08
4.4749594962923e-08
8.9499189925846e-08
4.4749594962923e-08
4.4749594962923e-08
4.4749594962923e-08
4.4749594962923e-08
4.4749594962923e-08
2.2374797481461e-08
4.4749594962923e-08
2.2374797481461e-08
4.4749594962923e-08
2.2374797481461e-08
1.1187398740731e-08
2.2374797481461e-08
2.2374797481461e-08
2.2374797481461e-08
1.1187398740731e-08
2.2374797481461e-08
2.2374797481461e-08
2.2374797481461e-08
1.3475073501468e-08
1.1187398740731e-08
2.2374797481461e-08
1.1187398740731e-08
1.6781098111096e-08
1.1187398740731e-08
1.1187398740731e-08
1.1187398740731e-08
2.2374797481461e-08
