0.00078125
0.00085990428924561
0.00085990428924561
0.00085990428924561
0.00085990428924561
0.00080718994140625
0.0011693279724568
0.0024842103943229
0.00095944404602051
0.00058466398622841
0.00095944404602051
0.00085990428924561
0.00058466398622841
0.00058466398622841
0.0002923319931142
0.0002923319931142
0.00040243660769192
0.0004299521446228
0.0002923319931142
0.0002149760723114
0.0001074880361557
8.7189523253528e-05
8.7189523253528e-05
7.3082998278551e-05
8.7189523253528e-05
8.7189523253528e-05
7.3082998278551e-05
4.3594761626764e-05
5.374401807785e-05
3.6541499139275e-05
2.1797380813382e-05
3.6541499139275e-05
2.1797380813382e-05
4.3594761626764e-05
2.6872009038925e-05
2.1797380813382e-05
1.8270749569638e-05
1.856171255652e-05
2.1797380813382e-05
2.1797380813382e-05
2.1797380813382e-05
3.7123425113039e-05
